#Title: Rotation Periods of Wide Binaries in the Kepler Field  
#Author: Janes K.A. 
#Table: Selected Common Proper Motion Stars in the Kepler Field
#================================================================================
#Byte-by-byte Description of file: apjaa5104t2_mrt.txt
#--------------------------------------------------------------------------------
#   Bytes Format Units    Label    Explanations 
#--------------------------------------------------------------------------------
#   1-  3 I3     ---       Num     Running CPM Pair number 
#   5- 12 I8     ---       KIC     Kepler Input Catalog Number
#  14- 19 F6.1   mas/yr    pmRA    Proper motion in RA
#  21- 23 F3.1   mas/yr  e_pmRA    Error in pmRA
#  25- 30 F6.1   mas/yr    pmDE    Proper motion in DE
#  32- 34 F3.1   mas/yr  e_pmDE    Error in pmDE
#  36- 40 f5.1   arcsec    Sep     Separation of components A and B
#  42- 43 I2     ---       Irp     Relative common proper motion probability
#  45- 50 F6.3   mag       gmag    The g band magnitude on the KIC system
#  52- 56 F5.3   mag       g-Ks    The g-K color index
#  58- 62 F5.2   d         Period  Rotation period
#  64- 68 F5.2   d       e_Period  Uncertainty in Period
#  70- 76 F7.1   ppm       V       Amplitude of correlated variability
#  78- 83 F6.1   ppm     e_V       Uncertainty in V
#  85- 86 I2     ---       NQtrs   Number of Kepler quarters
#      88 A1     ---       Type    Autocorrelation function type (1)
#--------------------------------------------------------------------------------
#Note (1):
#    P = Periodic; 
#    A = Alternating peaks;
#    T = Triple-peak pattern;
#    C = Complex pattern;
#    I = Indeterminate.
#--------------------------------------------------------------------------------
  1  7090649   16.1 0.6   10.8 2.5   9.3 99 11.976 2.277  8.27  0.11  6705.7    5.2 17 P
  1  7090654   17.6 1.1   13.8 1.1   9.3 99 10.249 1.528  1.98  0.00  2578.3   52.0 17 P
  2  7659402   28.5 0.5    8.9 1.1  29.0 56 16.708 4.593 19.66  0.28   801.1    8.2  4 A
  2  7659417   27.2 0.9    7.9 1.5  29.0 56 17.559 4.848 16.31  0.53    44.8    5.0 17 P
  3  7582687  -26.5 1.5  -25.0 1.0  21.8 93 13.066 2.172 14.07  1.94    46.1    2.4 17 P
  3  7582691  -23.4 3.0  -23.8 0.6  21.8 93 16.499 4.227 24.54  0.12   642.7    5.8 14 A
  4  8006740   29.7 2.0   86.1 1.8 409.9 72 12.560 3.793 22.84  0.16  3829.1   19.1 18 P
  4  8143903   29.9 1.7   88.9 1.9 409.9 72 15.486 5.060 41.97  5.38  2299.9    5.5 11 P
  5  7092930  -11.5 2.1  -32.6 2.4  11.6 97 16.313 2.978 41.70 14.74    21.9    4.0 17 I
  5  7092937   -7.5 3.8  -29.8 1.4  11.6 97 16.330 3.003 13.21  0.70    52.4    4.0 14 P
  6  5936797   -7.7 1.8  -22.8 1.8  19.1 54 14.572 2.050 25.72  0.82    14.4    2.1 13 A
  6  5936811   -7.0 1.2  -21.9 1.4  19.1 54 16.201 2.875 34.12  1.99    99.1    4.9 10 P
  7  7093953  -17.8 0.8  -34.7 1.1  24.7 90 14.049 1.870 24.78  3.50     1.4    1.0 17 I
  7  7093968  -17.3 0.7  -34.3 1.5  24.7 90 16.274 3.012 36.72  1.19    77.6    4.1 17 T
  8 10255689   17.9 1.4   48.5 2.1  12.9 99 17.935 5.339 31.82  2.57     9.7   14.7  4 I
  8 10255692   17.9 1.3   47.2 1.2  12.9 99 16.147 4.728 21.58  0.07   712.0    6.2 17 A
  9  7871438   22.3 2.9   43.5 0.9  18.9 99 15.502 4.688  2.85  0.01 15303.4  188.7 17 P
  9  7871442   21.2 1.3   43.3 0.9  18.9 99 15.893 4.458 17.45  0.06  1423.6   13.2 17 P
 10 11229052  -14.9 1.5  -41.8 1.5 291.8 79 10.269 1.398  8.11  0.13    17.3    2.7 18 P
 10 11229131   -8.2 1.6  -38.5 1.5 291.8 79 10.364 1.715  7.06  0.16    42.1    0.9 18 A
 12 11069655    5.5 2.5  -40.3 1.4  34.6 97 12.394 1.911  3.51  0.00   552.3    1.6 18 P
 12 11069662    5.5 2.0  -40.7 2.5  34.6 97 13.256 1.817 30.96  0.97    19.4    0.8 17 T
 13  9326053   40.5 1.5  -97.3 1.8  36.4 99 13.536 3.684 34.12  0.43   139.2    2.0 17 T
 13  9326073   36.1 2.5  -94.3 1.2  36.4 99 18.850 6.162  0.00  9.60    36.4   95.7  4 I
 14 10388259   37.5 1.4   10.7 0.5  53.0 57 17.354 5.421 48.28  0.34    57.2    3.4 17 P
 14 10388283   36.7 0.7   11.7 0.5  53.0 57 16.907 5.289 39.01  2.67  1173.5    2.8 17 C
 15 10518551   11.5 2.0   35.4 1.9  30.4 85 10.622 1.635 20.84  0.73    23.1    0.3 18 T
 15 10518563   16.7 1.9   39.0 2.0  30.4 85 15.081 3.052 28.69  1.84  1131.6    9.9 17 T
 16  9139151   23.1 1.2   60.4 1.2 576.9 51  9.499 1.548 12.22  0.70    45.1    6.0 18 T
 16  9202960   28.6 1.9   64.8 1.8 576.9 51 12.412 3.320 38.27  0.34    64.6    0.9 18 A
 17  9139151   23.1 1.2   60.4 1.2  30.7 99  9.499 1.548 12.22  0.70    45.1    6.0 18 T
 17  9139163   25.2 1.0   59.3 1.1  30.7 99  8.543 1.313  0.61  0.01    47.7    1.4 17 P
 18  7013635   17.0 2.0  -44.0 1.8 102.9 96 11.735 2.539 12.46  0.54   114.2    3.5 13 P
 18  7013649   15.6 1.1  -43.8 1.1 102.9 96  9.428 1.613  4.99  0.01    50.4   12.1 13 P
 19 11017620   -6.7 2.2  -19.1 2.1  13.4 97 11.130 1.722 14.64  0.10    14.0    0.6 14 P
 19 11017626   -7.7 1.8  -18.7 0.8  13.4 97 11.834 1.540 13.52  0.09    64.1    1.6 14 P
 20  8351510   -1.1 2.0   39.3 2.0 124.9 44 13.233 2.198 14.45  1.16   188.9    3.3 18 P
 20  8351568    1.5 0.9   41.1 1.9 124.9 44 13.087 1.745 46.40  1.79     0.7    0.5 18 I
 21 11600744  -15.0 1.0  -43.0 0.5  48.4 82 17.095 4.824 15.90  0.38    11.0    3.8 14 I
 21 11600772  -14.9 1.7  -42.1 0.9  48.4 82 14.492 3.421 20.38  0.14  2997.7   45.8 15 A
 22  9514980  -11.2 2.6  -25.0 2.2  16.7 84 15.358 2.676 25.43  0.18  1056.9    9.4 17 A
 22  9514986  -15.1 0.9  -28.5 1.5  16.7 84 13.038 1.880 19.30  0.12   700.7    5.7 17 P
 23  4544938    6.8 1.2  -42.0 0.8  41.6 83 15.119 2.876 13.77  1.44    73.9    3.2 17 P
 23  4544961    9.4 2.0  -38.4 1.8  41.6 83 11.532 1.670  7.33  0.44     0.7    0.4 17 I
 24 11127082 -123.8 2.0   11.4 0.7  38.0 99 17.093 4.818 22.58  4.51  1759.9   18.1 14 P
 24 11127101 -118.9 0.0   11.8 0.0  38.0 99 18.032 4.543  0.00  0.82   116.4  141.2  3 I
 25  4995565   23.1 2.3   35.8 2.2  28.3 65 11.786 2.204 15.44  4.15    16.8    1.5 18 I
 25  4995581   28.3 1.0   40.9 2.0  28.3 65 17.368 5.170 41.45  1.88  1080.3    5.3 17 A
 26 11601673  -23.0 1.9  -34.3 0.8 173.9 49 12.952 2.654 20.74  3.16   811.0   12.4 15 P
 26 11601741  -21.3 2.7  -33.9 2.5 173.9 49 12.033 1.582 12.57  0.26    51.0    5.5 15 T
 27 11856076  -23.9 0.9  -29.5 3.1  98.2 46 14.478 4.061  2.20  0.00 13930.3   14.9 15 P
 27 11906271  -24.9 1.6  -27.5 1.6  98.2 46 11.412 2.131 28.25  0.34    12.5    1.1  6 P
 29  4043389 -115.7 4.4 -176.1 1.2 201.6 99 13.048 5.020 38.84  4.61  4332.5    8.2 17 P
 29  4142913 -112.6 6.0 -178.8 5.5 201.6 99 13.060 5.897 37.84  3.68  1507.3    3.9 17 P
 31  6678367    1.6 3.7  -50.2 3.3  20.9 98 14.663 2.455 17.41  2.09     5.8    1.0 17 P
 31  6678383    3.8 1.7  -53.6 1.1  20.9 98 12.956 1.748 11.42  0.39     2.2    1.7 17 I
 32  9579191  -11.8 1.3    9.8 2.6  25.4 30 12.532 2.013 14.66  0.11   855.8   11.6 17 P
 32  9579208  -11.6 1.4    9.9 1.3  25.4 30 10.602 1.411  5.50  0.56    88.2   16.1 18 P
 33  8289460   10.6 1.6   25.0 2.1  13.4 75 18.248 5.079 21.78  0.93  2221.7   18.3  6 A
 33  8289464   11.5 1.5   24.7 1.4  13.4 75 17.440 4.908 18.18  0.16  1379.8   18.4 17 A
 34  7432573   12.0 4.5   43.1 5.1   6.1 99 17.060 4.638 19.66  0.25   549.7    8.8 18 A
 34  7432575   11.3 3.3   36.2 6.2   6.1 99 15.575 3.905 15.62  0.10   510.2    7.7 17 P
 35  9762514   12.4 1.4   24.6 1.5  25.2 46 16.342 3.067 16.08  2.21     9.3    2.8 17 I
 35  9762519   10.1 1.4   25.4 2.0  25.2 46 14.214 2.198  7.73  0.11  3557.8  584.2 17 P
 36  7596922  -17.3 2.0  -39.8 1.7  19.7 96 15.484 2.934 19.31  3.33    47.4    1.9 14 P
 36  7596937  -18.5 0.9  -42.4 1.3  19.7 96 13.106 1.934 10.38  0.91     5.4    0.9  8 P
 37  6432245  -23.3 1.0    3.0 0.6  26.6 31 15.116 4.116 16.45  2.02   150.0    2.4 17 P
 37  6432259  -24.4 2.2    1.1 2.0  26.6 31 13.135 3.616 20.22  0.58   392.1    4.7 18 P
 38  9944337  -28.0 2.1  -31.1 2.0  46.1 98 11.533 1.578 12.11  0.09    63.5    2.9 17 P
 38  9944356  -29.1 2.2  -30.2 2.0  46.1 98 11.794 1.755 15.59  0.76    43.3    5.7 17 T
 39 11707001   15.1 1.9   47.8 1.2  15.0 98 14.237 3.059 38.99  2.57    30.5    1.1 18 P
 39 11707004   18.1 1.6   47.8 0.9  15.0 98 17.680 4.783 48.39  2.94    39.3   15.9  4 I
 40 10397702   -7.4 1.4  -26.4 1.3  17.6 64 17.924 4.386 18.15  2.64    59.0   12.8  4 I
 40 10397704   -4.9 0.6  -26.6 1.0  17.6 64 17.307 3.618 24.45  1.09    43.1   10.4  4 I
 42 12456719   -2.0 4.8  -28.0 0.2  71.5 34 13.122 1.965 27.00  1.36    52.8    1.6 18 A
 42 12456757   -2.0 2.7  -24.5 1.5  71.5 34 13.030 1.871 10.29  0.55     2.9    0.6 18 I
 43 10529126    9.6 1.8   20.5 1.5  59.3 16 12.694 2.187 22.32  0.36   680.6    9.7 18 P
 43 10529155   11.4 2.1   18.5 2.0  59.3 16 11.652 1.479  7.23  0.21    31.7    3.9 18 P
 45 11503101   18.3 1.3   59.6 1.6  31.9 97 17.815 5.610 36.17 11.69     0.0   19.3  4 C
 45 11503111   19.4 1.2   58.8 1.2  31.9 97 17.010 5.212 39.21  4.75   324.0   15.4  4 P
 46  8293539    4.0 1.3  -43.9 1.2  64.3 78 10.623 1.252  5.20  0.11    61.4    3.8 17 P
 46  8293571   -0.9 1.7  -44.3 1.8  64.3 78 14.129 2.755 18.84  0.10  5047.9   51.1 17 A
 47 11709006   16.1 1.5  -41.7 1.5   8.5 99  9.357 1.981  4.52  0.09  3930.5  238.2 18 P
 47 11709022   13.4 1.4  -41.6 0.2   8.5 99 12.820 4.144  0.72  0.00 29189.3 1533.2 17 P
 49  7676737   56.9 2.1  -84.4 1.7  66.8 97 14.526 4.071 43.32  0.44   236.5    3.5 17 T
 49  7676799   60.1 1.2  -85.5 1.4  66.8 97 18.115 5.564  6.77  0.59   102.5   73.0  4 I
 50 12507868   21.5 1.9   70.7 1.8  61.1 96 11.313 1.739 19.25  0.16    90.8    1.5 18 A
 50 12507882   23.9 1.3   68.5 0.9  61.1 96 16.465 4.305 24.82  0.42   158.6    3.1 17 A
 51  7885518   10.2 1.5   28.5 1.5  60.2 26 13.505 2.018 29.12  6.89     4.1    0.7 18 I
 51  7885570   10.2 2.7   26.0 2.5  60.2 26 12.151 2.097  1.72  0.02 40359.7 4743.8 18 A
 52 11241091 -122.8 1.7   60.9 6.4  36.9 99 13.350 4.100 39.13  2.38    97.1    2.5 18 T
 52 11241109 -117.3 3.9   61.8 0.2  36.9 99 15.751 5.134 53.99  4.92  2670.6   11.8 17 P
 53 11861593  -19.2 4.0  -26.6 1.4  27.0 65 16.021 3.175 15.88  0.07    75.3    2.2 17 P
 53 11861595  -15.8 3.3  -31.0 4.4  27.0 65 14.775 2.497 19.38  1.80     2.0    1.2 17 I
 54  4831350    5.7 2.1   63.7 1.9  25.7 96 12.187 2.871 26.08  4.55   417.6    3.3 17 A
 54  4831378    6.2 1.3   62.2 0.1  25.7 96 18.253 5.526  0.00  0.30     0.0   75.9  1 I
 55  7750128  -16.5 1.1  -22.2 3.2  36.8 35 13.080 1.734  3.63  0.02   845.7    1.4 18 A
 55  7750144  -12.9 1.8  -19.9 3.0  36.8 35 14.152 2.207 27.08  1.67   135.9    3.6 17 T
 57  2442687   29.6 3.6   37.5 3.2  12.6 96 11.513 1.769 10.98  1.03    77.2   13.5 17 A
 57  2442692   27.7 0.3   43.2 2.8  12.6 96 16.511 4.245 25.16  1.06   232.5   18.1 14 A
 58  3955955   -0.3 0.3   45.3 5.2   8.2 99 14.157 3.202 35.21  1.09    85.2    1.5 17 A
 58  3955963    3.5 1.8   43.2 2.1   8.2 99 15.854 4.354 39.07  0.59    25.5    2.8 17 A
 59  7118431    6.2 1.9  -28.4 1.5  49.3 31 13.843 3.058 42.87  0.83   232.4    2.4 18 T
 59  7118479    4.9 1.0  -26.5 1.2  49.3 31 12.993 1.913 18.89  1.81     3.3    0.5 18 P
 60  8098178  -26.7 1.9  -17.8 1.3   6.4 95 17.569 4.852  0.98  0.00 15402.6 1048.5  2 C
 60  8098181  -22.8 3.4  -22.0 2.9   6.4 95 13.686 3.203  0.99  0.00 16875.8  494.0 17 C
 61  2992956   15.7 1.8   49.9 1.7  17.0 99 10.809 1.989 22.14  0.84   462.8   10.5 17 A
 61  2992960   15.1 1.9   50.3 1.8  17.0 99 11.148 2.123 24.51  0.91   371.8    7.2 17 A
 62  7364380   -6.7 2.4  -92.1 1.3  17.6 99 12.947 2.816 45.32  0.77    21.4    0.5 17 T
 62  7364389   -1.4 3.2  -86.5 4.1  17.6 99 16.974 5.007 48.65  1.69    46.2   13.0 14 I
 63 10275409   -8.6 1.8  -65.6 4.1  19.2 99 12.448 1.923  9.89  1.93     1.7    0.7 18 I
 63 10275420   -5.0 2.5  -62.9 2.0  19.2 99 13.629 2.239  7.20  0.04  4887.3  283.6 17 P
 64 10536753   20.7 1.5   33.9 1.5  46.6 62  9.865 1.492  0.79  0.01   582.9   54.2  2 P
 64 10536761   23.4 1.9   36.5 0.7  46.6 62 16.295 5.132 11.22  0.05  7470.1  216.5 17 A
 65  8888543   80.5 2.8   63.8 2.9  33.4 99 15.733 5.653 41.56  2.60   171.9    2.2  1 A
 65  8888573   80.3 1.0   62.3 0.5  33.4 99 16.062 5.591 55.17  3.96   860.9   23.3  8 A
 66  9468112  -69.8 1.3  -84.8 1.2  66.1 99  9.316 1.990 16.33  0.58    25.0    0.7 17 P
 66  9468159  -72.4 5.0  -84.4 1.3  66.1 99 12.642 3.560 31.37  1.45   180.0    4.5 17 A
 67  4931385    8.2 0.0  -29.1 0.0   7.3 97 15.063 4.301 12.27  0.01  8816.2    5.7 14 A
 67  4931390    5.2 1.2  -25.2 1.2   7.3 97  9.463 1.332  7.62  0.12   153.3   11.6 15 C
 68  8565874  -10.8 2.3  -24.3 0.9  22.8 60 14.206 1.854  0.00  2.94   164.0   31.3 17 I
 68  8565877   -9.7 2.2  -23.0 1.1  22.8 60 13.932 2.025 11.32  0.21    37.2    4.8 17 P
 69  9897318  -17.4 1.5  -32.9 3.2  20.7 89 14.938 2.592 13.82  2.68    44.2    1.6 17 P
 69  9897328  -14.1 2.1  -30.6 4.4  20.7 89 15.057 2.750 34.04  1.12   205.5    3.0 17 A
 70  8241071   35.1 1.2  -18.0 1.1  22.4 99 10.082 1.339  3.86  0.09    50.2    4.2 17 P
 70  8241074   38.7 1.1  -21.2 1.0  22.4 99 10.064 1.312 12.77  0.09   153.1    6.9 17 P
 71 12214492   -5.0 1.7  -41.3 2.1  26.5 91 15.162 2.608 10.38  2.23     4.3    1.8 17 I
 71 12214504   -4.4 3.1  -40.0 1.5  26.5 91 14.254 2.094 16.28  1.40     2.6    1.3 17 I
 72 12068971    7.0 2.4   54.3 1.1   6.1 99 15.447 3.246 17.97  1.27    89.5    7.1 14 P
 72 12068975    4.2 3.0   54.3 2.7   6.1 99 12.104 1.569 16.43  1.73     6.6    0.9 17 A
 73 11515925  -15.7 2.9   32.1 1.1  19.6 88 14.648 3.805 17.25  0.86    24.0    1.8 16 P
 73 11515931  -15.4 1.3   33.8 1.1  19.6 88 16.058 4.542 20.53  3.36    19.6    1.9 17 P
 74  5202421   23.1 2.0   16.7 2.9  16.0 46 15.887 4.196 23.50  4.61  1303.3    9.3 14 P
 74  5202445   29.2 1.2   17.5 1.6  16.0 46 14.921 3.801 22.85  0.05  2194.8   17.1 13 P
 76 11873181   30.0 1.3   37.9 1.3 521.2 62  9.902 2.136 21.08  0.46    35.3    2.4 18 A
 76 11923356   35.0 1.3   36.5 1.3 521.2 62 10.153 2.019 14.19  0.19   935.6   16.4 18 P
 77 10612424   72.1 1.3   38.9 1.7  28.4 99 15.016 4.875 36.54  2.49  1078.0    8.0 14 A
 77 10612448   75.9 3.1   37.2 0.9  28.4 99 13.942 4.468 20.38  0.19  1389.5   12.2 14 P
 78  4386086   24.5 1.4   -4.9 1.4  29.6 97 10.291 1.984 24.77  1.99   179.1    6.0 14 A
 78  4484238   25.3 1.0   -3.5 1.1  29.6 97  9.103 1.802  9.62  0.61    55.6    1.5 14 A
 79 12218888   -3.4 2.6  -60.0 2.5 489.6 25 11.744 1.636  0.00  2.21     0.9    0.3 18 I
 79 12317678   -2.0 1.2  -57.6 1.3 489.6 25  8.936 1.305  0.00  0.69     4.9    1.4 18 I
 80 11973943   11.7 0.9  -17.9 1.0  42.8 38  8.453 0.718  5.45  0.19   363.2    9.0 18 A
 80 11973944   10.6 0.8  -16.0 1.5  42.8 38 12.569 2.984  6.54  0.44  4859.7    4.4 18 P
 81  8248626   43.8 1.2   21.3 1.8  64.3 66 13.479 2.393 13.30  1.91    79.3    1.7 18 P
 81  8248671   50.2 1.4   18.2 1.3  64.3 66 11.462 1.691 12.75  1.67   284.1    3.9 18 T
 82 12024088   10.8 3.5   37.0 2.3   8.5 97 16.644 3.769 22.30  0.16   377.9   12.5 14 A
 82 12024098   10.9 0.3   31.8 0.4   8.5 97 12.060 1.004  8.05  0.27     4.2    0.8 18 I
 84  8316361   45.2 1.2  -66.7 1.1  60.3 99 11.016 1.984 31.12  1.18     6.5    0.3 17 T
 84  8316388   47.7 3.0  -69.0 1.0  60.3 99 13.112 3.728 32.55  0.50   527.9    4.3 17 A
 85 11724885  -15.0 0.0  -27.8 0.0   7.3 97 15.090 2.293 18.32  3.54     2.4    2.8 17 I
 85 11724888  -18.4 2.6  -28.0 1.8   7.3 97 14.201 2.243 43.85  2.55     7.5    1.0 17 T
 86  4946401   60.8 1.7  -88.3 1.6  44.0 99 10.946 2.389 16.34  2.62    31.1    0.8 17 P
 86  4946433   58.4 0.4  -87.4 0.8  44.0 99 15.427 5.208 30.85  0.67   681.7    6.3  4 A
 87  6225718  104.1 1.0 -176.3 1.1  86.3 99  7.988 1.705  7.32  1.20     4.3    0.6 17 P
 87  6225816  106.4 1.7 -176.4 1.5  86.3 99 11.314 3.583  2.17  0.00 18989.2   37.2 17 P
 88 11876220    5.4 0.1   37.2 2.9   7.3 96 16.852 4.942  1.47  0.00  2426.0   31.5 17 C
 88 11876227    9.5 1.5   41.9 0.8   7.3 96 17.641 5.619  1.46  0.00 10243.9   34.6 14 C
 89 10616124   -1.2 1.8  -18.8 1.8  21.3 96  9.694 0.615  0.74  0.05  2649.0 1037.7  7 I
 89 10616138   -3.3 1.5  -16.4 1.5  21.3 96  9.649 0.768  2.82  0.09   813.5  133.3  8 P
 90  8184075   32.7 0.1  -10.3 1.8   6.2 99 12.710 2.553 13.51  1.51   159.1   13.3 17 C
 90  8184081   33.6 0.1   -9.1 0.4   6.2 99 11.891 1.790 13.18  0.93    14.4    2.8 17 C
 91 10355809  -17.1 2.2  -30.9 1.0  44.4 54 14.025 3.793  1.52  0.00  3847.9   10.7 14 P
 91 10355856  -16.1 1.5  -33.6 1.5  44.4 54  9.385 1.328  4.49  0.02   286.0   26.1 15 A
 92  5211083    7.1 1.1  -36.0 0.9  13.9 84 16.687 4.203 39.50  1.14   197.9    3.8 17 T
 92  5211089    7.1 0.6  -36.8 1.0  13.9 84 16.266 3.840 41.64  1.13   450.2    4.7 17 T
 93 11098004  -11.1 1.1  -26.9 2.7  10.2 99 12.203 1.634  5.38  1.63  2056.1  129.3 14 C
 93 11098013   -6.7 2.1  -27.9 1.9  10.2 99 11.390 1.442  5.27  1.58  1192.3  105.8 14 C
 94  6545403   40.3 1.9    1.0 1.8   8.1 98 12.188 2.735  5.47  0.05  5165.1   71.9 17 P
 94  6545415   42.3 0.2    2.0 1.3   8.1 98 15.991 4.607  5.48  0.05  8448.4  120.6 17 P
 95  9788210   79.6 0.9   98.7 1.1  16.8 99 15.721 4.687 34.82  3.13   845.4   11.0  3 A
 95  9788227   80.4 1.7   98.1 0.5  16.8 99 16.041 4.702 38.66  2.82    73.1    6.1 14 A
 96  6067282   42.8 0.9   14.1 1.2  42.5 18 18.144 5.282 18.20  0.83   330.9   16.2  4 P
 96  6067321   41.6 1.0   13.7 0.6  42.5 18 13.180 2.479 22.16  0.21  1775.6   14.6 18 P
 97  4864391   22.6 0.5   -2.0 1.3  11.6 10 16.836 4.372 19.82  0.51   105.0   12.6 14 P
 97  4864392   21.3 2.4   -0.8 1.0  11.6 10 13.838 2.626 26.84  0.79   110.5    2.7 17 A
 98 10230145   45.7 1.8  -15.4 1.7  63.3 16 11.533 2.636 16.09  1.51    80.2    2.0 15 P
 98 10296031   41.6 2.8  -15.7 2.3  63.3 16 16.635 5.174 44.01  3.63  2506.9   12.6 14 A
 99 10557342   38.5 3.9   36.2 4.2  64.7 17 17.265 5.430 37.92  2.84   160.1    8.7  3 A
 99 10622511   42.4 0.5   43.9 1.5  64.7 17 14.812 4.784 17.23  0.39  2284.4   13.3 15 P
100  8909853  124.1 2.2  225.7 1.7  24.1 99 16.298 4.905 53.37  9.46   891.4   19.2 17 P
100  8909876  123.8 1.7  227.1 1.6  24.1 99 16.860 5.047 38.86  1.25    28.5   15.8 17 I
101 10164839    9.3 1.4   13.8 1.3  24.9 57 11.312 1.415  6.02  0.26    21.2   15.5 14 I
101 10164867   10.1 1.3   11.8 1.3  24.9 57 10.999 1.394  3.48  0.27    42.5    0.8 14 P
102  8845205   87.7 1.4   23.4 2.3  57.2 96 16.364 4.909 49.10  0.81  2075.4    4.9 17 P
102  8845251   87.1 1.5   22.4 2.3  57.2 96 15.881 4.867 45.16  3.62    91.8    3.1  4 A