7090710           68    0.0030000000       1501.9230       294.09899
7090515           68    0.0030000000       1219.7118       294.09899
7659417           85       0.0000000       274.97043       21.336109
7659402           85       0.0000000       241.65849       21.336109
7173783           87     0.013000000       371.01013       170.19770
7173694           87     0.013000000       341.98239       170.19770
10054004         105     0.011000000       505.16141       91.406397
10053995         105     0.011000000       534.03485       91.406397
10054119         114     0.026000001       963.60040       84.883067
10119353         114     0.026000001       786.50226       84.883067
7800220          126     0.045000002       685.47614       127.68931
7800164          126     0.045000002       734.81708       127.68931
7660235          133     0.025000000       713.77240       93.379605
7660207          133     0.025000000       743.36969       93.379605
10776999         149     0.014000000       936.88519       99.081287
10776938         149     0.014000000       984.40234       99.081287
8475850          195     0.017000001       431.40988       253.30457
8475689          195     0.017000001       472.52432       253.30457
8213028          216     0.014000000       946.27783       124.81429
8212905          216     0.014000000       1021.7571       124.81429
7258242          231     0.045000002       948.98248       271.78193
7176189          231     0.045000002       774.31122       271.78193
7801748          242     0.015000000       566.71234       39.841217
7801736          242     0.015000000       501.09265       39.841217
7093968          246       0.0000000       723.72028       20.425702
7093953          246       0.0000000       813.56860       20.425702
9001751          291     0.039000001       955.78357       278.12049
9001558          291     0.039000001       976.81622       278.12049
5683280          315     0.033000000       746.06635       145.19077
5683195          315     0.033000000       837.31708       145.19077
7871710          318     0.034000002       1254.3182       75.395895
7802457          318     0.034000002       1397.3805       75.395895
9137479          364     0.014000000       1039.9829       125.87409
9137402          364     0.014000000       1080.5436       125.87409
9137489          367     0.046999998       1110.5105       148.01186
9137412          367     0.046999998       930.09296       148.01186
7340343          368    0.0030000000       384.09387       129.85351
7421791          368    0.0030000000       427.94781       129.85351
6421769          369    0.0040000002       595.26349       223.68875
6421595          369    0.0040000002       657.42981       223.68875
9071593          403     0.046999998       1342.0428       263.46685
9137638          403     0.046999998       1513.3472       263.46685
5252807          421    0.0080000004       685.80170       279.72655
5252588          421    0.0080000004       662.55554       279.72655
10387822         441    0.0080000004       1202.2358       298.50692
10452709         441    0.0080000004       1053.4641       298.50692
8934503          461    0.0049999999       915.48419       30.116751
8934495          461    0.0049999999       877.09247       30.116751
4902090          480    0.0020000001       648.42761       47.135760
4989349          480    0.0020000001       679.17529       47.135760
6501433          501    0.0020000001       1299.3906       145.01800
6501303          501    0.0020000001       1159.3339       145.01800
5684988          524     0.024000000       495.99576       97.536190
5684967          524     0.024000000       490.01260       97.536190
5685180          540     0.041999999       436.16357       287.40377
5684988          540     0.041999999       495.99576       287.40377
6266124          591       0.0000000       907.77209       25.774704
6266106          591       0.0000000       1103.5804       25.774704
9450283          627     0.022000000       348.90866       262.47170
9450275          627     0.022000000       289.10876       262.47170
5686188          665     0.015000000       550.43732       258.86781
5686013          665     0.015000000       669.80627       258.86781
10907184         713     0.028999999       1610.0569       184.97254
10962771         713     0.028999999       1308.3114       184.97254
6586487          729     0.017000001       1482.9153       250.34485
6586293          729     0.017000001       1575.6083       250.34485
8674286          730    0.0049999999       1244.0051       51.411213
8674256          730    0.0049999999       1294.6904       51.411213
5686910          772     0.048999999       778.27112       291.06194
5600536          772     0.048999999       866.59399       291.06194
6929778          799     0.022000000       1304.9208       79.423176
6929734          799     0.022000000       1148.0148       79.423176
8480582          821    0.0060000001       1200.1316       269.52337
8480404          821    0.0060000001       1445.3798       269.52337
5601153          849    0.0040000002       822.41638       201.13383
5601124          849    0.0040000002       991.68262       201.13383
11285543         884     0.041999999       1328.4847       296.85202
11285388         884     0.041999999       1592.3036       296.85202
4543059          892     0.037000000       1026.7588       206.60488
4542922          892     0.037000000       1218.4709       206.60488
4346306          938    0.0040000002       531.64233       273.24550
4446011          938    0.0040000002       648.76129       273.24550
4636482          953     0.020000000       738.45337       168.08724
4543437          953     0.020000000       806.56183       168.08724
7509825          961    0.0049999999       1608.5586       17.218178
7509822          961    0.0049999999       1395.7889       17.218178
9758378          975    0.0049999999       1581.0133       243.57409
9758231          975    0.0049999999       1625.4862       243.57409
6268733         1001     0.014000000       514.68628       129.58449
6268681         1001     0.014000000       475.69186       129.58449
3526855         1004     0.030999999       744.93311       296.93447
3526618         1004     0.030999999       643.62811       296.93447
8938669         1061    0.0049999999       807.42841       233.46218
8871173         1061    0.0049999999       953.08984       233.46218
7427783         1079     0.017999999       780.11438       99.252959
7427755         1079     0.017999999       851.08160       99.252959
11444962        1115     0.013000000       753.07001       55.442064
11444952        1115     0.013000000       882.47144       55.442064
11600772        1182       0.0000000       239.24945       31.869142
11600744        1182       0.0000000       247.05637       31.869142
1995248         1219    0.0020000001       667.99371       100.36323
1995140         1219    0.0020000001       688.05573       100.36323
10965153        1241     0.039999999       614.70764       290.07908
10909456        1241     0.039999999       739.38031       290.07908
2833811         1368     0.011000000       493.46152       254.38000
2694352         1368     0.011000000       593.91992       254.38000
2833843         1374    0.0089999996       684.23657       264.44599
2694352         1374    0.0089999996       593.91992       264.44599
5083480         1375    0.0040000002       297.20776       190.86369
5083330         1375    0.0040000002       294.65131       190.86369
7266690         1398    0.0060000001       1331.0055       235.71329
7266477         1398    0.0060000001       1270.2019       235.71329
2695264         1487    0.0020000001       976.00891       138.10327
2695125         1487    0.0020000001       1074.7246       138.10327
2834637         1536       0.0000000       106.97337       84.846293
2834564         1536       0.0000000       119.30797       84.846293
11075008        1624     0.011000000       1417.1235       216.78465
11074886        1624     0.011000000       1280.5853       216.78465
8807676         1650     0.045000002       1388.9851       299.75570
8873596         1650     0.045000002       1161.7650       299.75570
4546924         1654    0.0030000000       397.48447       198.07646
4546777         1654    0.0030000000       452.06955       198.07646
7594336         1692     0.020000000       1047.2676       199.76789
7513328         1692     0.020000000       926.72913       199.76789
11805520        1701     0.023000000       794.04633       239.86241
11855836        1701     0.023000000       852.29071       239.86241
7019575         1715     0.039000001       751.63928       139.24329
7019520         1715     0.039000001       766.01166       139.24329
7741559         1879    0.0010000000       1082.4768       130.84007
7741448         1879    0.0010000000       1233.4321       130.84007
12251438        1923     0.018999999       676.20276       196.86097
12251365        1923     0.018999999       583.63770       196.86097
3328386         1942    0.0030000000       894.92084       144.05880
3328257         1942    0.0030000000       891.45312       144.05880
3328603         2000    0.0049999999       1034.4783       220.31477
3328386         2000    0.0049999999       894.92084       220.31477
4641191         2008     0.013000000       831.81641       68.264136
4641259         2008     0.013000000       746.34900       68.264136
4641259         2027     0.035999998       746.34900       150.55218
4641131         2027     0.035999998       665.45209       150.55218
3328717         2032     0.030999999       1068.0103       119.51782
3328603         2032     0.030999999       1034.4783       119.51782
9579049         2102     0.041000001       1007.7911       58.617780
9579024         2102     0.041000001       986.15973       58.617780
3430889         2160     0.022000000       431.49539       118.58366
3329192         2160     0.022000000       489.32712       118.58366
7187850         2172     0.045000002       318.01099       263.00569
7269493         2172     0.045000002       392.21780       263.00569
9942775         2177     0.048999999       1217.0791       289.44881
9942658         2177     0.048999999       1386.0707       289.44881
4143733         2186     0.012000000       338.70724       140.88606
4143604         2186     0.012000000       409.48764       140.88606
11342550        2190    0.0010000000       1555.0106       55.950964
11342503        2190    0.0010000000       1708.9635       55.950964
3102929         2208    0.0030000000       257.89774       166.13504
3102749         2208    0.0030000000       213.14050       166.13504
3532480         2249     0.018999999       630.50232       272.21484
3532233         2249     0.018999999       527.31885       272.21484
7671826         2275     0.030999999       1197.7437       98.747155
7671746         2275     0.030999999       1197.0890       98.747155
3838568         2302     0.043000001       579.75073       170.16077
3838486         2302     0.043000001       552.94019       170.16077
9701719         2305     0.032000002       366.06070       229.91286
9701585         2305     0.032000002       422.18341       229.91286
3222645         2363       0.0000000       847.57629       156.32218
3222491         2363       0.0000000       678.66510       156.32218
10656373        2416     0.044000000       1374.8811       30.634851
10656361        2416     0.044000000       1549.1969       30.634851
9762519         2465       0.0000000       669.87390       18.082460
9762514         2465       0.0000000       729.32281       18.082460
9579789         2507     0.029999999       804.05115       224.54307
9579641         2507     0.029999999       660.52582       224.54307
10526226        2512    0.0099999998       690.76440       286.95825
10526136        2512    0.0099999998       832.91949       286.95825
10461448        2536     0.046000000       775.54193       116.37020
10526226        2536     0.046000000       690.76440       116.37020
9580051         2629     0.014000000       108.04143       233.52147
9641031         2629     0.014000000       126.81041       233.52147
7270844         2652     0.021000000       347.04761       190.47318
7270736         2652     0.021000000       367.99197       190.47318
8087991         2682     0.035000000       452.71451       154.95852
8087911         2682     0.035000000       500.59802       154.95852
7597272         2723     0.039000001       876.90375       230.44644
7597124         2723     0.039000001       834.39178       230.44644
10199496        2752       0.0000000       456.65790       121.96146
10199394        2752       0.0000000       569.62183       121.96146
9457145         2810    0.0060000001       798.60333       232.71333
9456980         2810    0.0060000001       714.24158       232.71333
3634982         2817     0.023000000       497.50381       113.07292
3635087         2817     0.023000000       571.37506       113.07292
3635087         2846     0.016000001       571.37506       120.65834
3634974         2846     0.016000001       625.37903       120.65834
6595145         2899     0.018999999       652.46442       140.61593
6595030         2899     0.018999999       569.72253       140.61593
5264059         2907     0.011000000       478.50616       74.414077
5263998         2907     0.011000000       442.07056       74.414077
5175926         2944     0.030999999       1135.8287       228.86251
5175695         2944     0.030999999       909.72968       228.86251
9334793         2951     0.025000000       185.26440       266.50142
9334674         2951     0.025000000       189.19850       266.50142
5780460         2956     0.027000001       917.32043       283.19701
5695004         2956     0.027000001       1020.4000       283.19701
9080928         2995     0.022000000       1080.3301       64.789261
9080896         2995     0.022000000       959.90820       64.789261
10789395        3109    0.0020000001       1536.7284       126.63154
10789292        3109    0.0020000001       1678.8921       126.63154
10133056        3124     0.030999999       1671.5156       287.53150
10200173        3124     0.030999999       1489.6656       287.53150
9273812         3154    0.0060000001       540.47449       261.31885
9273626         3154    0.0060000001       634.70581       261.31885
7272287         3212       0.0000000       978.97754       34.966280
7272255         3212       0.0000000       974.69867       34.966280
10200410        3215     0.032000002       773.17963       252.03341
10266480        3215     0.032000002       859.94635       252.03341
8681526         3234     0.037000000       912.20923       202.34303
8745970         3234     0.037000000       865.52612       202.34303
7108192         3262     0.018999999       1565.0908       81.203056
7108115         3262     0.018999999       1548.3220       81.203056
7272598         3328     0.016000001       1035.2640       296.70535
7272287         3328     0.016000001       978.97754       296.70535
8423038         3348     0.032000002       682.20630       196.48392
8357639         3348     0.032000002       767.71796       196.48392
7518403         3358     0.029999999       748.72351       260.42878
7518119         3358     0.029999999       736.93353       260.42878
10969916        3451     0.045000002       734.17151       63.370782
10969914        3451     0.045000002       697.70380       63.370782
7024665         3507     0.021000000       1314.1118       142.99710
7024499         3507     0.021000000       1201.2654       142.99710
5439433         3533     0.026000001       456.83768       259.45394
5524341         3533     0.026000001       458.00360       259.45394
8358185         3592     0.026000001       972.29376       63.144059
8423498         3592     0.026000001       1129.8108       63.144059
5696918         3619     0.013000000       257.71826       201.26693
5782096         3619     0.013000000       242.84665       201.26693
4148535         3734     0.043000001       781.15747       229.60014
4148262         3734     0.043000001       881.61047       229.60014
7354384         3737     0.045000002       983.14185       276.46929
7436067         3737     0.045000002       1075.1401       276.46929
4148888         3848     0.016000001       768.50269       265.44540
4148535         3848     0.016000001       781.15747       265.44540
4254144         3905    0.0049999999       1544.8495       256.05379
4253818         3905    0.0049999999       1445.5924       256.05379
9582301         3944     0.028999999       1106.7760       258.72519
9582184         3944     0.028999999       1266.7473       258.72519
7025851         3956    0.0010000000       1139.5443       14.824624
7025846         3956    0.0010000000       1008.4691       14.824624
3947026         3990    0.0020000001       914.70801       19.115152
3947018         3990    0.0020000001       1112.0712       19.115152
4827877         4096    0.0099999998       1571.4929       39.470255
4827843         4096    0.0099999998       1588.7594       39.470255
11554897        4122     0.034000002       550.35571       142.44697
11606356        4122     0.034000002       467.65256       142.44697
8424623         4154    0.0010000000       1468.8660       247.97077
8424342         4154    0.0010000000       1518.9237       247.97077
9643839         4303     0.020000000       1267.3934       194.17263
9643705         4303     0.020000000       1169.1561       194.17263
9825934         4332    0.0049999999       1133.3280       90.401931
9825865         4332    0.0049999999       1204.8873       90.401931
4150268         4409     0.015000000       826.01263       108.59635
4150408         4409     0.015000000       710.77130       108.59635
9946312         4415     0.039999999       1003.6722       296.37193
9885720         4415     0.039999999       894.58679       296.37193
8293844         4483     0.034000002       1226.0013       218.89307
8359540         4483     0.034000002       1504.4613       218.89307
11709117        4571     0.017999999       400.39005       179.72855
11708987        4571     0.017999999       480.17636       179.72855
8227622         4629     0.048999999       515.63318       245.94023
8227464         4629     0.048999999       463.34607       245.94023
5954304         4663       0.0000000       663.86230       125.01682
5954145         4663       0.0000000       688.21057       125.01682
8227868         4713    0.0020000001       787.42853       118.19665
8227735         4713    0.0020000001       725.65857       118.19665
4458948         4779     0.016000001       1240.1770       120.43956
4458800         4779     0.016000001       1325.7883       120.43956
7954859         4855     0.012000000       845.71338       212.96797
8023308         4855     0.012000000       830.41205       212.96797
9886652         4859     0.041999999       783.21088       108.49581
9886607         4859     0.041999999       809.40021       108.49581
6437636         4889     0.032000002       1065.4037       100.43845
6437541         4889     0.032000002       979.02051       100.43845
4556237         4920     0.011000000       1203.7191       228.26807
4648915         4920     0.011000000       1207.9889       228.26807
8880819         4944    0.0010000000       486.94693       21.005959
8880808         4944    0.0010000000       535.26611       21.005959
8555546         5025     0.011000000       829.73444       258.68665
8555264         5025     0.011000000       686.14178       258.68665
3230373         5029     0.034000002       1013.0719       130.65916
3111266         5029     0.034000002       1087.5970       130.65916
2436944         5080       0.0000000       275.66357       79.563949
2569360         5080       0.0000000       221.46286       79.563949
8092986         5167     0.028999999       676.34680       95.447073
8092914         5167     0.028999999       753.32220       95.447073
6200156         5186     0.034000002       1656.6050       159.11940
6199973         5186     0.034000002       1359.0560       159.11940
6359820         5330     0.027000001       1297.1783       98.371201
6359771         5330     0.027000001       1498.4574       98.371201
5182446         5375    0.0049999999       837.78839       79.557977
5182328         5375    0.0049999999       941.31476       79.557977
3112399         5402    0.0060000001       1323.0851       259.54449
3112070         5402    0.0060000001       1069.8094       259.54449
6200737         5423    0.0049999999       999.65472       251.13936
6200443         5423    0.0049999999       1008.9232       251.13936
11861595        5432    0.0060000001       722.23309       26.799879
11861593        5432    0.0060000001       634.89294       26.799879
5701450         5485     0.023000000       1442.5490       65.572286
5615714         5485     0.023000000       1595.3730       65.572286
9277659         5498     0.048999999       1094.7374       75.193955
9277620         5498     0.048999999       1272.8154       75.193955
9887687         5533    0.0049999999       630.34589       52.792900
9887657         5533    0.0049999999       770.56934       52.792900
3541550         5578    0.0099999998       770.83337       197.39342
3541306         5578    0.0099999998       632.70929       197.39342
10858437        5593    0.0099999998       1547.2242       137.05019
10858311        5593    0.0099999998       1735.3574       137.05019
9767583         5601     0.039999999       1315.5800       154.49119
9767444         5601     0.039999999       1172.9324       154.49119
2848856         5778       0.0000000       1122.0953       7.9640826
2848847         5778       0.0000000       1292.2080       7.9640826
7523968         5781    0.0030000000       963.54114       296.14994
7523633         5781    0.0030000000       927.64630       296.14994
5872905         5783    0.0049999999       689.73297       48.854089
5872883         5783    0.0049999999       781.51178       48.854089
11862020        5843     0.037999999       447.61331       116.46383
11811882        5843     0.037999999       544.46985       116.46383
1570275         5887     0.017999999       716.28302       221.15094
1569924         5887     0.017999999       817.15894       221.15094
8094644         5936    0.0030000000       334.37134       176.19379
8094493         5936    0.0030000000       305.37482       176.19379
5787868         6004    0.0010000000       1243.8392       144.71578
5787689         6004    0.0010000000       1046.2844       144.71578
6774094         6007     0.035000000       1450.8787       113.90530
6859664         6007     0.035000000       1707.0881       113.90530
7750128         6017    0.0020000001       647.12396       293.32836
7819198         6017    0.0020000001       605.46826       293.32836
7750144         6023     0.017999999       577.91278       274.44389
7819198         6023     0.017999999       605.46826       274.44389
10858973        6047    0.0020000001       464.01297       58.200682
10858914        6047    0.0020000001       483.48145       58.200682
5702550         6114     0.014000000       518.61914       93.181033
5702479         6114     0.014000000       543.22339       93.181033
9215772         6119     0.033000000       1108.1592       282.87855
9278197         6119     0.033000000       1184.7040       282.87855
6688314         6125     0.018999999       1284.0333       44.681608
6688309         6125     0.018999999       1346.9178       44.681608
8362974         6163       0.0000000       698.01447       49.598891
8362927         6163       0.0000000       713.69165       49.598891
7957323         6175     0.021000000       982.98804       127.76910
7957209         6175     0.021000000       1210.2245       127.76910
5445520         6232    0.0020000001       898.18005       55.184946
5445472         6232    0.0020000001       725.27222       55.184946
7750580         6307     0.032000002       731.68970       187.96250
7750507         6307     0.032000002       609.86536       187.96250
11401160        6310    0.0089999996       1089.5291       46.842884
11401138        6310    0.0089999996       1034.9106       46.842884
12012008        6329     0.020000000       937.64722       190.22006
12012006        6329     0.020000000       867.58075       190.22006
8363218         6342     0.011000000       1502.2784       142.96504
8363084         6342     0.011000000       1326.2455       142.96504
8095446         6449    0.0030000000       1020.4796       199.41957
8095226         6449    0.0030000000       832.67169       199.41957
8687293         6519     0.020000000       759.77435       140.71695
8687211         6519     0.020000000       905.62970       140.71695
2988084         6529    0.0020000001       356.38681       139.77011
2850521         6529    0.0020000001       429.32886       139.77011
8363726         6591    0.0010000000       437.25729       169.47632
8363546         6591    0.0010000000       454.55515       169.47632
9524660         6640    0.0089999996       991.26080       45.125408
9524621         6640    0.0089999996       1157.2437       45.125408
2988527         6680     0.025000000       722.01031       193.59306
2988249         6680     0.025000000       761.08679       193.59306
6946733         6720       0.0000000       222.63725       188.01402
6946519         6720       0.0000000       220.37619       188.01402
4260947         6770       0.0000000       865.96527       95.262813
4260826         6770       0.0000000       897.53979       95.262813
5185105         6787    0.0049999999       1077.9698       72.526455
5097365         6787    0.0049999999       1103.4436       72.526455
2851674         6864    0.0060000001       1136.5991       245.04356
2851273         6864    0.0060000001       1255.3158       245.04356
10468940        6884     0.015000000       1139.6356       66.982317
10468885        6884     0.015000000       982.74683       66.982317
8884219         6936     0.039999999       1243.8856       62.120978
8884184         6936     0.039999999       1187.5143       62.120978
5446881         6947     0.011000000       649.27899       120.39189
5446760         6947     0.011000000       601.59113       120.39189
4261431         6990     0.034000002       978.02942       148.32899
4261230         6990     0.034000002       822.84045       148.32899
9087573         7016    0.0080000004       747.27679       276.68023
9153452         7016    0.0080000004       681.24707       276.68023
6690082         7074    0.0030000000       897.09497       29.959654
6690044         7074    0.0030000000       1048.5591       29.959654
4922620         7131     0.045000002       1532.7289       153.00045
5009619         7131     0.045000002       1602.3546       153.00045
3544640         7161    0.0040000002       1696.1948       34.472294
3544602         7161    0.0040000002       1417.8621       34.472294
3954262         7279     0.025000000       712.73901       72.478974
3954222         7279     0.025000000       781.99329       72.478974
3747536         7447     0.015000000       927.92444       292.77325
3850780         7447     0.015000000       1039.5570       292.77325
6776707         7458     0.020000000       1487.1064       175.26136
6776600         7458     0.020000000       1399.5970       175.26136
8165288         7470     0.020000000       1158.5328       265.42674
8097052         7470     0.020000000       1087.5989       265.42674
3747802         7556    0.0089999996       1031.9780       55.750040
3747744         7556    0.0089999996       1195.4131       55.750040
3646515         7563     0.035000000       1109.4088       78.680754
3747744         7563     0.035000000       1195.4131       78.680754
2444406         7578    0.0020000001       417.32816       297.29768
2443935         7578    0.0020000001       348.22549       297.29768
3747932         7619     0.048000000       641.49677       149.93639
3747824         7619     0.048000000       640.65460       149.93639
8165530         7629       0.0000000       1313.9784       88.272100
8165434         7629       0.0000000       1198.6672       88.272100
3955066         7640    0.0030000000       741.12366       113.10594
3954896         7640    0.0030000000       707.81158       113.10594
2161515         7651    0.0099999998       750.82391       166.00815
2304010         7651    0.0099999998       663.64874       166.00815
2853759         7654     0.037999999       1342.7701       203.01460
2990686         7654     0.037999999       1406.0159       203.01460
8624902         7802    0.0089999996       824.48724       46.705677
8624876         7802    0.0089999996       879.89496       46.705677
8753617         7835    0.0010000000       944.28461       9.0056953
8753619         7835    0.0010000000       1037.2511       9.0056953
8753619         7837    0.0010000000       1037.2511       151.68090
8689231         7837    0.0010000000       838.40906       151.68090
2162103         7858     0.011000000       574.63116       279.97908
2161648         7858     0.011000000       482.11435       279.97908
6863158         7860     0.023000000       353.70792       265.95085
6862901         7860     0.023000000       423.37289       265.95085
3748681         7923    0.0099999998       1002.1455       205.19993
3748386         7923    0.0099999998       962.40613       205.19993
9022267         7968     0.035000000       1296.0579       79.366298
9022192         7968     0.035000000       1121.8027       79.366298
6443347         8074    0.0020000001       1232.4148       34.573818
6443343         8074    0.0020000001       1394.9685       34.573818
3647975         8239     0.016000001       1165.3076       123.64472
3647803         8239     0.016000001       1236.3092       123.64472
3547227         8384     0.028000001       1372.6306       188.79988
3647975         8384     0.028000001       1165.3076       188.79988
6205897         8409       0.0000000       440.32208       36.600455
6205852         8409       0.0000000       407.37369       36.600455
2992960         8455       0.0000000       149.89684       16.911120
2992956         8455       0.0000000       143.27246       16.911120
6286155         8478     0.046999998       370.44556       298.35679
6205852         8478     0.046999998       407.37369       298.35679
2446733         8517    0.0049999999       722.61938       268.86287
2446261         8517    0.0049999999       730.88757       268.86287
7283336         8548     0.023000000       1268.6980       101.79992
7283251         8548     0.023000000       1082.1250       101.79992
4160128         8549     0.014000000       1061.8413       259.19975
4159685         8549     0.014000000       967.06256       259.19975
5621250         8561     0.018999999       620.49011       278.03254
5621068         8561     0.018999999       716.51978       278.03254
11244870        8587    0.0080000004       1042.0237       204.46442
11244682        8587    0.0080000004       1104.5315       204.46442
7034990         8613    0.0070000002       1034.1547       281.54907
7119024         8613    0.0070000002       855.76630       281.54907
10340598        8654    0.0099999998       298.45609       229.45115
10340511        8654    0.0099999998       367.84229       229.45115
2164232         8720     0.017999999       1471.8898       158.36057
2163982         8720     0.017999999       1445.5876       158.36057
3548004         8740     0.043000001       942.98279       258.50824
3547642         8740     0.043000001       860.13568       258.50824
4160723         8785     0.012000000       888.80457       289.27146
4160290         8785     0.012000000       923.62885       289.27146
7529456         8800       0.0000000       1615.7548       62.379911
7529386         8800       0.0000000       1389.3381       62.379911
5535360         8865    0.0030000000       534.04126       232.63881
5535071         8865    0.0030000000       626.15021       232.63881
2856960         8885    0.0030000000       736.87244       252.51786
2856503         8885    0.0030000000       707.87604       252.51786
2994087         8929    0.0049999999       526.90192       251.99313
2993662         8929    0.0049999999       631.70483       251.99313
6779306         8939     0.012000000       1607.7463       63.261184
6779239         8939     0.012000000       1364.8857       63.261184
3238932         8970    0.0080000004       1165.7209       79.591936
3238834         8970    0.0080000004       952.32471       79.591936
7447006         9033     0.013000000       541.03857       191.49437
7446790         9033     0.013000000       560.04517       191.49437
5707524         9049     0.026000001       848.02960       226.36096
5707243         9049     0.026000001       787.76752       226.36096
6207053         9171    0.0060000001       681.97784       190.33439
6206842         9171    0.0060000001       666.78607       190.33439
6366177         9181     0.011000000       926.95502       161.17055
6366011         9181     0.011000000       1054.0264       161.17055
7035942         9255     0.020000000       935.36298       234.98449
6950597         9255     0.020000000       1068.1082       234.98449
2580957         9287     0.027000001       259.10114       297.07619
2580928         9287     0.027000001       284.34525       297.07619
6287336         9302     0.037000000       1328.9880       202.25804
6287131         9302     0.037000000       1133.1868       202.25804
2994813         9325    0.0089999996       485.96924       76.421838
2994746         9325    0.0089999996       392.25613       76.421838
7202784         9334    0.0060000001       1569.0748       245.45277
7202517         9334    0.0060000001       1333.5251       245.45277
5962682         9457     0.033000000       899.87292       257.81109
6044739         9457     0.033000000       765.04968       257.81109
8167915         9481     0.018999999       1302.2600       120.87741
8167786         9481     0.018999999       1050.2327       120.87741
7530469         9652    0.0030000000       1532.7946       180.95595
7530239         9652    0.0030000000       1295.4476       180.95595
2858241         9662     0.029999999       526.35229       92.565264
2858292         9662     0.029999999       638.36450       92.565264
8235615         9671     0.024000000       1630.3792       103.11284
8301854         9671     0.024000000       1577.6267       103.11284
6045153         9690     0.046000000       1087.0604       57.115747
6045093         9690     0.046000000       875.20648       57.115747
6525046         9692    0.0080000004       1664.6694       55.780284
6524989         9692    0.0080000004       1627.9152       55.780284
2858292         9708     0.015000000       638.36450       97.649478
2858190         9708     0.015000000       775.00183       97.649478
7203126         9727    0.0010000000       796.30890       172.43818
7203326         9727    0.0010000000       938.25122       172.43818
7530536         9739    0.0060000001       1178.3447       38.057431
7530517         9739    0.0060000001       1066.7299       38.057431
2858337         9749    0.0060000001       628.30231       96.527607
2858190         9749    0.0060000001       775.00183       96.527607
6045234         9793     0.022000000       404.56024       285.28590
6045212         9793     0.022000000       442.04556       285.28590
2718790         9807     0.029999999       780.38293       88.873361
2718854         9807     0.029999999       939.91071       88.873361
2858485         9878     0.039999999       794.70349       209.43619
2858190         9878     0.039999999       775.00183       209.43619
6045357         9946     0.023000000       911.15619       171.70422
6045153         9946     0.023000000       1087.0604       171.70422
2858597         9974    0.0080000004       604.03302       166.49644
2858337         9974    0.0080000004       628.30231       166.49644
7203326         9982     0.012000000       938.25122       269.22510
7203017         9982     0.012000000       1000.7310       269.22510
5623055        10016     0.029999999       517.06464       129.35997
5622915        10016     0.029999999       514.61200       129.35997
2858741        10089     0.025000000       845.24091       152.37402
2858531        10089     0.025000000       904.96576       152.37402
2719148        10096     0.037999999       994.60059       189.81558
2718854        10096     0.037999999       939.91071       189.81558
3122386        10105    0.0040000002       1095.7042       140.65249
3122385        10105    0.0040000002       1320.0590       140.65249
7285197        10127     0.024000000       1100.3252       121.69615
7285057        10127     0.024000000       990.04419       121.69615
6525422        10163     0.046000000       1196.5278       228.19204
6525183        10163     0.046000000       1220.7950       228.19204
7366027        10166     0.028000001       771.67426       51.881472
7365985        10166     0.028000001       702.62994       51.881472
7203595        10238     0.037999999       961.26135       226.31059
7203326        10238     0.037999999       938.25122       226.31059
2996037        10242    0.0089999996       1009.5858       289.26715
2858531        10242    0.0089999996       904.96576       289.26715
7448261        10261     0.035999998       1170.2458       202.07995
7448136        10261     0.035999998       1309.0493       202.07995
2996076        10268    0.0010000000       1073.1947       217.00419
3122385        10268    0.0010000000       1320.0590       217.00419
2996143        10307       0.0000000       958.33069       106.91599
2995964        10307       0.0000000       1045.2240       106.91599
10668098       10332    0.0049999999       228.82628       68.153950
10668065       10332    0.0049999999       266.77481       68.153950
9091535        10358     0.020000000       559.54333       131.10622
9091419        10358     0.020000000       623.86133       131.10622
6446083        10441    0.0020000001       507.66742       38.422374
6446130        10441    0.0020000001       579.11420       38.422374
2309548        10467    0.0030000000       1136.6110       252.49537
2309173        10467    0.0030000000       1151.8682       252.49537
7037130        10469    0.0010000000       1101.7747       68.145764
7037035        10469    0.0010000000       1327.1552       68.145764
6446130        10477     0.012000000       579.11420       142.02870
6445963        10477     0.012000000       624.38385       142.02870
7121450        10478    0.0049999999       1218.5553       85.487649
7037035        10478    0.0049999999       1327.1552       85.487649
7203964        10562    0.0049999999       992.07794       140.56623
7203762        10562    0.0049999999       849.10614       140.56623
2450107        10589     0.028000001       1361.7791       179.66463
2449849        10589     0.028000001       1282.3567       179.66463
2859546        10606     0.020000000       1217.3311       279.66666
2859085        10606     0.020000000       1126.1165       279.66666
6367481        10616     0.018999999       725.23199       223.23549
6367220        10616     0.018999999       697.60803       223.23549
5794583        10722    0.0070000002       1042.0522       238.90983
5794294        10722    0.0070000002       1029.0096       238.90983
7531619        10738    0.0030000000       1092.6138       165.37307
7531381        10738    0.0030000000       896.79901       165.37307
7204176        10780     0.039000001       1027.3164       191.49057
7203964        10780     0.039000001       992.07794       191.49057
6127287        10809    0.0030000000       1107.8934       46.405920
6127224        10809    0.0030000000       1312.5984       46.405920
3123313        10818     0.012000000       977.52002       246.66358
3241189        10818     0.012000000       817.27606       246.66358
7366752        10905     0.026000001       1206.3666       194.43275
7366528        10905     0.026000001       1004.8658       194.43275
4750925        10972    0.0070000002       720.43842       294.38247
4750570        10972    0.0070000002       778.29504       294.38247
4928249        11041    0.0089999996       628.43512       81.535689
4928164        11041    0.0089999996       553.35107       81.535689
2860182        11092    0.0020000001       1722.3226       186.06440
2859893        11092    0.0020000001       1483.8860       186.06440
3450218        11154     0.035000000       1028.8064       161.62275
3450000        11154     0.035000000       1041.8188       161.62275
7122150        11188     0.039999999       722.35602       170.07567
7121935        11188     0.039999999       788.93042       170.07567
5709821        11318     0.037000000       927.24561       260.55302
5709513        11318     0.037000000       893.73267       260.55302
6867669        11377     0.044000000       1751.4133       271.04263
6867356        11377     0.044000000       1869.3591       271.04263
7204981        11568     0.018999999       1152.8634       188.86314
7204723        11568     0.018999999       1027.8979       188.86314
6782167        11704       0.0000000       344.76886       100.52225
6782035        11704       0.0000000       376.81815       100.52225
8956722        11708     0.013000000       853.91211       290.74637
8956420        11708     0.013000000       1027.7914       290.74637
3124482        11780    0.0070000002       953.38501       235.70697
3124126        11780    0.0070000002       889.03442       235.70697
3242324        11836    0.0030000000       205.82562       81.924547
3124465        11836    0.0030000000       221.14128       81.924547
7449924        11957     0.015000000       565.35840       163.35995
7449719        11957     0.015000000       671.61597       163.35995
7450047        12083     0.013000000       1370.7902       268.41842
7449672        12083     0.013000000       1109.1543       268.41842
6209989        12280    0.0040000002       611.22919       266.07583
6209679        12280    0.0040000002       653.18372       266.07583
6527525        12368     0.012000000       1170.6732       143.65347
6527366        12368     0.012000000       1172.4502       143.65347
9346431        12443    0.0080000004       944.04358       66.032511
9408009        12443    0.0080000004       1170.7941       66.032511
10801232       12453     0.021000000       1046.2000       115.63600
10801344       12453     0.021000000       1180.0511       115.63600
7368459        12667     0.021000000       932.53278       226.38686
7450381        12667     0.021000000       1076.3572       226.38686
4270253        12678     0.014000000       1122.1378       131.04857
4270075        12678     0.014000000       1335.0846       131.04857
3858436        12887     0.029999999       694.35577       169.34724
3858693        12887     0.029999999       649.85559       169.34724
5882005        12890    0.0020000001       66.145859       238.53806
5796360        12890    0.0020000001       74.972687       238.53806
6783456        12894    0.0089999996       848.98730       49.292334
6783386        12894    0.0089999996       738.76685       49.292334
9653432        12908     0.028000001       1329.0815       292.25270
9714471        12908     0.028000001       1285.3240       292.25270
6612295        12970     0.041999999       1340.3243       139.09091
6612126        12970     0.041999999       1089.5231       139.09091
6210663        12982    0.0020000001       294.78189       208.57370
6210415        12982    0.0020000001       336.24026       208.57370
3755395        13019     0.037999999       1305.9720       125.56316
3755217        13019     0.037999999       1207.3153       125.56316
4270764        13093    0.0070000002       406.03183       57.878965
4270687        13093    0.0070000002       392.08994       57.878965
3858720        13114    0.0089999996       801.26105       202.68335
3858413        13114    0.0089999996       831.65527       202.68335
3962632        13154     0.021000000       783.79626       134.89000
3962440        13154     0.021000000       916.04071       134.89000
6528297        13177    0.0010000000       196.18044       215.69523
6528060        13177    0.0010000000       195.54004       215.69523
6048789        13515     0.017999999       637.63562       47.257354
6048744        13515     0.017999999       619.96539       47.257354
6291239        13527       0.0000000       794.55170       60.416830
6291327        13527       0.0000000       711.51459       60.416830
6955009        13553    0.0030000000       624.40302       132.03998
6954835        13553    0.0030000000       692.34869       132.03998
3859412        13734     0.037999999       625.77911       145.90206
3859213        13734     0.037999999       734.08044       145.90206
8758670        13781       0.0000000       507.09750       110.71082
8758552        13781       0.0000000       437.83905       110.71082
10016419       13854     0.037999999       666.09497       180.46906
10016263       13854     0.037999999       737.81555       180.46906
4271603        13860     0.016000001       1074.9365       87.756616
4271477        13860     0.016000001       990.26813       87.756616
9775393        13878     0.046000000       2118.1843       242.58375
9715095        13878     0.046000000       1966.7518       242.58375
4271661        13914     0.020000000       1311.3358       117.08033
4271491        13914     0.020000000       1396.6213       117.08033
9895709        13947     0.032000002       1554.9236       180.74268
9835801        13947     0.032000002       1425.0303       180.74268
6130257        13996     0.023000000       1475.2988       252.72091
6049190        13996     0.023000000       1430.7471       252.72091
6613366        14091     0.039999999       1298.0687       293.52166
6613014        14091     0.039999999       1267.1882       293.52166
4472920        14099     0.046999998       768.14838       146.14966
4472722        14099     0.046999998       735.53790       146.14966
8958701        14174     0.021000000       1298.9706       269.44128
8891013        14174     0.021000000       1489.5430       269.44128
4569914        14182     0.046000000       1338.0784       220.23551
4569596        14182     0.046000000       1123.0376       220.23551
9956320        14345     0.013000000       1405.3730       195.71830
9956304        14345     0.013000000       1647.0454       195.71830
10980239       14515     0.034000002       716.19061       133.95269
10980125       14515     0.034000002       873.44690       133.95269
8824499        14534     0.035999998       1703.8982       220.14118
8824424        14534     0.035999998       1613.8657       220.14118
6292193        14607       0.0000000       1096.8447       24.215975
6292167        14607       0.0000000       1340.4126       24.215975
6049733        14642       0.0000000       1037.5883       83.422991
6049640        14642       0.0000000       937.42072       83.422991
9094985        14710     0.046000000       1092.3763       286.03534
9160135        14710     0.046000000       1027.0632       286.03534
4473541        14723    0.0070000002       668.50873       28.016613
4473514        14723    0.0070000002       696.01324       28.016613
5456147        14737    0.0089999996       221.21729       281.24274
5455780        14737    0.0089999996       225.48738       281.24274
11615088       14808     0.028999999       1958.9159       32.764253
11615075       14808     0.028999999       1878.4429       32.764253
10802884       14852     0.039999999       573.60931       156.69273
10736868       14852     0.039999999       649.89343       156.69273
6614289        15031     0.020000000       977.31989       255.50971
6613928        15031     0.020000000       1076.2290       255.50971
4755275        15087    0.0020000001       1182.0566       43.964167
4755216        15087    0.0020000001       1212.3345       43.964167
4755297        15106     0.013000000       1615.5934       263.17884
4755210        15106     0.013000000       1467.0278       263.17884
5195401        15122    0.0010000000       633.53857       175.48607
5195172        15122    0.0010000000       747.36053       175.48607
3128697        15150    0.0040000002       611.12018       122.80325
3246083        15150    0.0040000002       577.86487       122.80325
5195447        15167    0.0099999998       718.52631       212.66432
5195172        15167    0.0099999998       747.36053       212.66432
4168682        15182     0.026000001       1089.7050       130.44565
4168579        15182     0.026000001       1207.5653       130.44565
5283470        15222     0.048999999       534.87219       228.04538
5283490        15222     0.048999999       598.21674       228.04538
5283490        15240     0.048999999       598.21674       209.48233
5195401        15240     0.048999999       633.53857       209.48233
5456689        15252     0.030999999       588.63580       49.229424
5456651        15252     0.030999999       700.18445       49.229424
4755470        15278     0.026000001       1112.3868       186.72151
4755216        15278     0.026000001       1212.3345       186.72151
8631066        15326    0.0049999999       1906.6189       120.14530
8630957        15326    0.0049999999       1636.0753       120.14530
5456778        15334     0.034000002       1178.3196       54.384334
5456713        15334     0.034000002       1005.4182       54.384334
9716123        15358     0.023000000       2080.3035       112.23188
9716246        15358     0.023000000       1697.8821       112.23188
9716166        15418    0.0020000001       1069.9421       232.02976
9776469        15418    0.0020000001       971.54889       232.02976
8959839        15458     0.048000000       1188.8932       53.533280
8959801        15458     0.048000000       1291.1912       53.533280
5456907        15466     0.029999999       1381.2313       222.67103
5456605        15466     0.029999999       1454.4219       222.67103
4169115        15560     0.046000000       1106.4329       159.94831
4273285        15560     0.046000000       975.39294       159.94831
3656906        15605     0.048999999       746.10443       239.19472
3757898        15605     0.048999999       812.48895       239.19472
4844774        15673     0.025000000       1273.2802       287.36150
4844368        15673     0.025000000       1313.3098       287.36150
9957313        15715     0.017999999       897.92914       288.74177
9957276        15715     0.017999999       1057.8134       288.74177
5196145        15822     0.016000001       1353.9326       274.58663
5195728        15822     0.016000001       1110.3021       274.58663
9655507        15907     0.015000000       1371.4948       191.86155
9655297        15907     0.015000000       1506.6284       191.86155
6786412        15913     0.029999999       1639.5801       45.153809
6700846        15913     0.029999999       1334.1790       45.153809
9655519        15918    0.0049999999       1080.1475       100.89742
9655406        15918    0.0049999999       865.05347       100.89742
9716502        15923     0.046000000       1558.9374       254.32386
9716246        15923     0.046000000       1697.8821       254.32386
3247263        16132     0.043000001       753.37433       247.23561
3246885        16132     0.043000001       765.07654       247.23561
4068557        16173     0.028999999       221.03351       116.95843
4068539        16173     0.028999999       237.14166       116.95843
9897328        16179    0.0010000000       534.10693       18.872627
9897318        16179    0.0010000000       582.32709       18.872627
6786677        16237     0.048000000       1435.2029       198.78516
6700846        16237     0.048000000       1334.1790       198.78516
3455863        16326    0.0020000001       932.87683       65.240934
3455841        16326    0.0020000001       786.52301       65.240934
9957661        16370    0.0030000000       1432.0453       213.75634
10018200       16370    0.0030000000       1239.8679       213.75634
5284591        16513     0.015000000       770.61633       246.49903
5284262        16513     0.015000000       719.06854       246.49903
9594913        16537     0.014000000       1351.4753       177.85834
9594718        16537     0.014000000       1364.8790       177.85834
3456114        16606     0.020000000       159.60283       273.14843
3354278        16606     0.020000000       148.21820       273.14843
6701393        16619     0.035999998       697.43115       133.91441
6701285        16619     0.035999998       784.85809       133.91441
4933846        16696     0.017999999       931.39795       135.58666
4933664        16696     0.017999999       999.08417       135.58666
6294114        16857    0.0080000004       847.70282       160.48843
6293924        16857    0.0080000004       924.11578       160.48843
9533349        17040     0.015000000       1667.2047       145.98294
9533293        17040     0.015000000       1357.1891       145.98294
4665380        17055     0.046999998       1029.4786       220.90104
4665055        17055     0.046999998       1172.5629       220.90104
9897843        17116    0.0030000000       887.55731       42.331839
9837942        17116    0.0030000000       945.58563       42.331839
9472171        17127    0.0070000002       1702.6106       166.81390
9533349        17127    0.0070000002       1667.2047       166.81390
5285116        17141     0.043000001       469.41498       251.38289
5196882        17141     0.043000001       574.54156       251.38289
3248234        17161     0.037000000       878.59747       272.75980
3247798        17161     0.037000000       913.81464       272.75980
9288066        17167     0.024000000       1731.4141       65.161423
9288008        17167     0.024000000       1515.3898       65.161423
3966578        17205     0.044000000       885.63672       250.72047
3862537        17205     0.044000000       772.46301       250.72047
3862865        17227    0.0099999998       771.72510       201.37442
3862537        17227    0.0099999998       772.46301       201.37442
4846150        17268    0.0070000002       625.12189       114.60110
4845953        17268    0.0070000002       515.83844       114.60110
7617346        17335    0.0049999999       1132.6108       100.99959
7617209        17335    0.0049999999       1390.9492       100.99959
4170871        17345     0.016000001       608.56940       132.10384
4170760        17345     0.016000001       746.40271       132.10384
9656344        17348     0.016000001       1321.4996       40.077013
9656349        17348     0.016000001       1158.8591       40.077013
9656349        17354     0.016000001       1158.8591       284.02879
9656161        17354     0.016000001       1076.5162       284.02879
4170956        17424    0.0060000001       759.12018       127.20484
4170760        17424    0.0060000001       746.40271       127.20484
10082573       17427    0.0080000004       1400.3840       15.816541
10082571       17427    0.0080000004       1564.5444       15.816541
4171064        17511     0.016000001       656.07129       248.99140
4170760        17511     0.016000001       746.40271       248.99140
3966946        17573    0.0049999999       925.75482       263.16602
3966578        17573    0.0049999999       885.63672       263.16602
9717552        17645    0.0010000000       1297.9077       78.466409
9717468        17645    0.0010000000       1610.3884       78.466409
9838386        17792     0.037000000       1849.4431       177.17471
9838212        17792     0.037000000       1770.1077       177.17471
5630291        17857     0.039000001       902.25720       153.16556
5630090        17857     0.039000001       724.71942       153.16556
9097470        17917     0.039999999       1282.2286       153.81709
9097285        17917     0.039999999       1216.0573       153.81709
10082925       17927    0.0089999996       681.62524       137.62242
10019022       17927    0.0089999996       681.23474       137.62242
4378053        17935     0.030999999       434.81186       114.56451
4275867        17935     0.030999999       415.54062       114.56451
8242135        18082       0.0000000       324.89075       97.506169
8174654        18082       0.0000000       326.27597       97.506169
10281953       18171     0.011000000       596.14154       81.725061
10281883       18171     0.011000000       680.20892       81.725061
7373382        18182    0.0099999998       1164.6041       199.64027
7373104        18182    0.0099999998       1087.5756       199.64027
5373555        18187     0.035000000       265.74243       114.58198
5373639        18187     0.035000000       295.29727       114.58198
9838646        18215    0.0089999996       1070.1783       290.14934
9778176        18215    0.0089999996       1005.6346       290.14934
3967921        18620     0.046999998       390.10950       124.16825
3864176        18620     0.046999998       354.06461       124.16825
9350612        18636     0.023000000       1062.6367       288.09952
9350264        18636     0.023000000       882.88812       288.09952
5373964        18672     0.020000000       271.57028       237.87526
5373639        18672     0.020000000       295.29727       237.87526
7373831        18762     0.032000002       867.13696       299.00309
7373447        18762     0.032000002       826.13464       299.00309
10019708       18801     0.044000000       1592.1777       160.76802
10019527       18801     0.044000000       1333.1189       160.76802
5887535        19132     0.014000000       163.03273       149.26637
5887428        19132     0.014000000       132.72885       149.26637
7619024        19304    0.0089999996       1354.0522       261.57091
7618641        19304    0.0089999996       1541.6334       261.57091
4172955        19330     0.014000000       225.68651       101.97218
4172805        19330     0.014000000       262.93112       101.97218
9098575        19483     0.015000000       1395.8793       170.27596
9098388        19483     0.015000000       1406.7771       170.27596
9657638        19537    0.0049999999       1195.2450       233.27994
9657435        19537    0.0049999999       1183.2941       233.27994
7212091        19624       0.0000000       563.11798       179.52069
7211837        19624       0.0000000       584.24933       179.52069
9657726        19677     0.017000001       1043.9636       218.89684
9657531        19677     0.017000001       1024.5515       218.89684
3560427        19981    0.0010000000       231.36385       99.917370
3560268        19981    0.0010000000       197.67558       99.917370
8039172        20033     0.020000000       836.34363       102.74978
8039048        20033     0.020000000       991.73706       102.74978
4937034        20063       0.0000000       701.72058       106.69874
4936850        20063       0.0000000       753.45953       106.69874
7540478        20173    0.0060000001       682.10925       172.84934
7540235        20173    0.0060000001       762.24384       172.84934
5461035        20186    0.0040000002       1089.5226       96.455258
5460876        20186    0.0040000002       884.17542       96.455258
5200207        20275       0.0000000       1007.2358       76.025936
5200076        20275       0.0000000       1165.6639       76.025936
5112995        20350     0.021000000       1073.8424       184.91367
5112535        20350     0.021000000       1018.8540       184.91367
5200308        20361     0.044000000       1392.9321       138.16196
5200076        20361     0.044000000       1165.6639       138.16196
3866028        20419    0.0099999998       977.90057       232.05384
3865657        20419    0.0099999998       1062.5376       232.05384
9899968        20524     0.037999999       1230.8326       245.29360
9840009        20524     0.037999999       1085.7960       245.29360
6790548        20532    0.0040000002       2014.8949       41.362382
6790477        20532    0.0040000002       1875.9139       41.362382
4072800        20548    0.0060000001       832.13202       257.06645
4072380        20548    0.0060000001       986.27942       257.06645
6876266        20584     0.044000000       1743.1200       200.15583
6790477        20584     0.044000000       1875.9139       200.15583
9840278        20830     0.025000000       1537.5958       241.96382
9839977        20830     0.025000000       1699.2695       241.96382
8039892        20988       0.0000000       1626.9199       35.033300
8039842        20988       0.0000000       1371.3728       35.033300
6705719        21084       0.0000000       1348.5841       16.465709
6705688        21084       0.0000000       1446.6420       16.465709
6962173        21187    0.0060000001       907.02887       70.452544
6962066        21187    0.0060000001       1008.4536       70.452544
7458475        21217    0.0099999998       919.46777       211.83512
7458148        21217    0.0099999998       1041.1991       211.83512
4175295        21339     0.037000000       848.17487       108.42874
4175346        21339     0.037000000       821.27985       108.42874
5114173        21407     0.037000000       797.32196       280.10985
5201089        21407     0.037000000       986.11591       280.10985
11198590       21435     0.012000000       824.33698       61.267237
11198578       21435     0.012000000       756.79541       61.267237
9164680        21512    0.0089999996       927.43451       252.37848
9164416        21512    0.0089999996       1063.3358       252.37848
4480413        21598     0.022000000       529.07263       185.45302
4577232        21598     0.022000000       585.45239       185.45302
5201695        21650     0.023000000       1042.0969       290.18520
5201244        21650     0.023000000       1010.2228       290.18520
5114477        21720     0.037000000       716.21698       189.99100
5114173        21720     0.037000000       797.32196       189.99100
4761834        21723     0.048000000       987.72559       244.10840
4761654        21723     0.048000000       1006.6006       244.10840
5201802        21767     0.015000000       860.11682       66.961762
5201695        21767     0.015000000       1042.0969       66.961762
3971803        22104     0.039999999       1068.4442       185.67421
3971428        22104     0.039999999       862.45258       185.67421
6792159        22214     0.015000000       1140.4368       250.24487
6791744        22214     0.015000000       940.96753       250.24487
11253002       22403     0.048999999       1056.9183       275.48614
11252704       22403     0.048999999       933.84064       275.48614
10610524       22410     0.014000000       1982.5474       295.23892
10545341       22410     0.014000000       1975.1017       295.23892
7296369        22515    0.0060000001       665.52039       209.34970
7214842        22515    0.0060000001       693.93011       209.34970
3972245        22538     0.041999999       1328.5920       233.07533
3971803        22538     0.041999999       1068.4442       233.07533
6137791        22545     0.013000000       1361.9368       69.401858
6137702        22545     0.013000000       1199.9768       69.401858
7296528        22701    0.0089999996       796.65210       287.41754
7296077        22701    0.0089999996       696.05493       287.41754
10545687       22733     0.030999999       1091.5209       243.74514
10545668       22733     0.030999999       912.48767       243.74514
7835198        22857    0.0060000001       213.61549       165.00347
7834988        22857    0.0060000001       190.38095       165.00347
3765938        23009     0.046999998       898.75470       209.18482
3765635        23009     0.046999998       1025.5599       209.18482
6707699        23100     0.044000000       1190.9470       287.77785
6621372        23100     0.044000000       990.01324       287.77785
6707833        23193     0.021000000       1150.4728       97.365589
6707699        23193     0.021000000       1190.9470       97.365589
5028351        23481       0.0000000       909.89349       56.936541
5028444        23481       0.0000000       737.06421       56.936541
4941099        23672     0.027000001       1348.0453       234.53710
4940699        23672     0.027000001       1206.1812       234.53710
4579983        23698     0.046000000       425.39209       299.24862
4672010        23698     0.046000000       381.84805       299.24862
4282756        23790    0.0020000001       1325.8087       282.52283
4384675        23790    0.0020000001       1085.2042       282.52283
4282903        23890       0.0000000       1046.6935       125.11004
4282660        23890       0.0000000       1015.4846       125.11004
6139873        24158     0.026000001       1004.9961       230.72642
6139477        24158     0.026000001       1016.0779       230.72642
7544795        24208    0.0070000002       547.89917       99.224121
7544645        24208    0.0070000002       526.85791       99.224121
6140175        24375     0.030999999       1182.5986       184.29492
6139873        24375     0.030999999       1004.9961       184.29492
10154104       24477    0.0030000000       954.11328       269.58137
10153742       24477    0.0030000000       916.59204       269.58137
10547207       24490     0.039999999       1670.1223       56.919641
10547205       24490     0.039999999       2051.5745       56.919641
3975400        24600    0.0070000002       948.01038       46.009377
3975335        24600    0.0070000002       1068.6508       46.009377
7217514        24768    0.0089999996       860.76349       238.91388
7134976        24768    0.0089999996       724.58136       238.91388
5551448        24907     0.012000000       1203.0631       167.10440
5637306        24907     0.012000000       1283.7345       167.10440
7135288        24966     0.013000000       685.85065       196.84428
7134976        24966     0.013000000       724.58136       196.84428
8313762        25048    0.0080000004       1402.5552       110.28626
8313622        25048    0.0080000004       1234.4183       110.28626
7135474        25141    0.0010000000       709.88062       131.45212
7135288        25141    0.0010000000       685.85065       131.45212
8180502        25221     0.048000000       1323.3510       109.15753
8180465        25221     0.048000000       1086.2407       109.15753
9722892        25332     0.023000000       880.68604       104.06918
9661949        25332     0.023000000       966.25378       104.06918
8832368        25411     0.020000000       1348.5382       274.73522
8831970        25411     0.020000000       1082.0798       274.73522
6060532        25566     0.026000001       1103.9294       74.918595
6060431        25566     0.026000001       1119.0601       74.918595
9963890        25621     0.043000001       1925.6184       117.28017
9963744        25621     0.043000001       1577.9862       117.28017
10548441       25711     0.014000000       2116.8335       154.14085
10484024       25711     0.014000000       1946.0652       154.14085
6223408        25752    0.0010000000       701.62585       187.24658
6223107        25752    0.0010000000       756.81409       187.24658
10353882       26198    0.0020000001       548.22015       141.92441
10353685       26198    0.0020000001       545.84113       141.92441
5295954        26581     0.020000000       1258.0657       258.58301
5295473        26581     0.020000000       1326.0394       258.58301
9540450        26650     0.021000000       1052.9154       146.57709
9540247        26650     0.021000000       961.26984       146.57709
7301570        26674    0.0099999998       496.41199       260.08511
7301144        26674    0.0099999998       442.40875       260.08511
9418483        26798     0.024000000       433.33917       84.292612
9418464        26798     0.024000000       395.71960       84.292612
9724397        26809    0.0099999998       870.11493       111.81614
9724274        26809    0.0099999998       1001.4691       111.81614
9784803        26840    0.0030000000       121.71192       101.36774
9784687        26840    0.0030000000       139.77702       101.36774
11774907       27086     0.021000000       1356.5247       164.47498
11724627       27086     0.021000000       1415.6812       164.47498
11774991       27164    0.0010000000       246.54259       64.897883
11774947       27164    0.0010000000       226.91095       64.897883
8115039        27261    0.0049999999       1010.4846       27.064366
8115021        27261    0.0049999999       1153.9062       27.064366
8316679        27310     0.035000000       628.26025       177.70723
8316649        27310     0.035000000       664.13092       177.70723
10747199       27465     0.016000001       1102.4741       50.194969
10747169       27465     0.016000001       1110.3118       50.194969
9906267        27618    0.0080000004       1318.2057       83.007927
9906149        27618    0.0080000004       1434.2490       83.007927
5812944        27720     0.021000000       884.33954       65.967019
5812868        27720     0.021000000       814.40247       65.967019
9786364        28042    0.0080000004       920.97772       252.19710
9725984        28042    0.0080000004       790.71161       252.19710
5211089        28115    0.0010000000       388.77264       13.711065
5211083        28115    0.0010000000       356.44766       13.711065
5643230        28347    0.0049999999       1217.5663       150.89460
5642958        28347    0.0049999999       1059.2272       150.89460
10290991       28453     0.014000000       409.87491       209.24419
10290686       28453     0.014000000       405.85312       209.24419
7842090        28546     0.024000000       797.47522       65.071920
7842033        28546     0.024000000       745.12860       65.071920
10028292       28573    0.0060000001       1071.1534       75.860634
10028399       28573    0.0060000001       905.45721       75.860634
9907680        28866     0.017000001       948.29456       63.245096
9907608        28866     0.017000001       978.68683       63.245096
9907711        28888     0.029999999       806.33337       79.103423
9847713        28888     0.029999999       948.62830       79.103423
9727217        29023     0.029999999       654.39075       140.31850
9666093        29023     0.029999999       577.74048       140.31850
9108708        29068     0.037999999       1071.7311       93.044164
9108587        29068     0.037999999       1254.5145       93.044164
4949795        29371    0.0010000000       1028.5652       219.91872
4949406        29371    0.0010000000       894.81915       219.91872
5730445        29410     0.017000001       621.45245       82.917231
5730371        29410     0.017000001       667.79718       82.917231
9848497        29421     0.026000001       829.63013       83.022322
9848420        29421     0.026000001       747.25916       83.022322
5125383        29442     0.014000000       261.81326       147.95511
5125261        29442     0.014000000       257.71686       147.95511
5037811        29495    0.0020000001       1094.4370       151.69568
5037511        29495    0.0020000001       928.77045       151.69568
6148138        29737     0.037999999       935.82574       233.43814
6147773        29737     0.037999999       828.89172       233.43814
5645555        29795     0.013000000       709.52142       57.901530
5559584        29795     0.013000000       866.29382       57.901530
6803898        30220    0.0060000001       849.57385       179.36647
6803591        30220    0.0060000001       775.22266       179.36647
5817282        30511    0.0070000002       810.71161       102.48767
5817072        30511    0.0070000002       901.65015       102.48767
11260146       30591       0.0000000       1719.1920       35.412515
11260109       30591       0.0000000       1879.0916       35.412515
4863737        30635       0.0000000       870.31940       30.108850
4863686        30635       0.0000000       937.81195       30.108850
11099905       30658     0.029999999       436.52817       273.97904
11046025       30658     0.029999999       525.83649       273.97904
5902446        30680    0.0089999996       1205.2373       18.215255
5902438        30680    0.0089999996       1161.8142       18.215255
6719464        30810     0.012000000       849.40033       72.401492
6633525        30810     0.012000000       813.20557       72.401492
7060635        31054     0.015000000       1345.8868       247.38927
7060496        31054     0.015000000       1196.3611       247.38927
5391054        31440    0.0020000001       1007.4686       221.16450
5390616        31440    0.0020000001       820.05621       221.16450
10162566       31483     0.046000000       704.23682       261.74949
10162197       31483     0.046000000       761.04462       261.74949
8121233        31610       0.0000000       425.14859       249.64142
8120820        31610       0.0000000       509.57336       249.64142
8582244        31730    0.0020000001       525.59521       25.755927
8582224        31730    0.0020000001       558.13702       25.755927
10753641       32387     0.032000002       826.96277       97.371212
10753573       32387     0.032000002       783.35706       97.371212
5820824        32568     0.035999998       911.77661       216.36604
5820449        32568     0.035999998       1041.3071       216.36604
8324351        32899       0.0000000       169.39774       167.59083
8324116        32899       0.0000000       196.11206       167.59083
8909876        33262       0.0000000       172.73393       17.726580
8909853        33262       0.0000000       168.75060       17.726580
10427630       33360     0.013000000       268.14813       150.73343
10427522       33360     0.013000000       316.84518       150.73343
9048168        33364     0.016000001       1090.6165       41.172090
9048122        33364     0.016000001       1045.1632       41.172090
8455667        33453       0.0000000       601.34314       42.740844
8455594        33453       0.0000000       551.67828       42.740844
5395858        33843     0.015000000       966.22833       265.83967
5395323        33843     0.015000000       995.55933       265.83967
8056162        34096     0.030999999       253.33315       174.65388
8124682        34096     0.030999999       247.39648       174.65388
8126385        34917    0.0089999996       893.96478       252.88183
8126271        34917    0.0089999996       960.21234       252.88183
8195563        35219    0.0060000001       1334.7152       54.039767
8195505        35219    0.0060000001       1296.2671       54.039767
8588646        35228     0.025000000       448.90549       268.53222
8653307        35228     0.025000000       373.87689       268.53222
8588807        35247    0.0030000000       361.51929       102.38771
8588660        35247    0.0030000000       375.18808       102.38771
